0 3783260032
8000 3791650432
16000 3800036224
24000 3808427648
32000 3816815488
40000 3825204608
48000 3833592704
56000 3841981568
64000 3850370432
72000 3858755968
80000 3867147904
88000 3875536256
96000 3883920512
104000 3892313728
112000 3900702592
120000 3909087872
128000 3917478784
136000 3925868416
144000 3934256512
152000 3942645376
160000 3951032192
168000 3959422336
176000 3967809152
184000 3976200064
192000 3984588416
200000 3992974976
208000 4001363584
216000 4009751168
224000 4018141312
232000 4026530432
240000 4034911616
248000 4043308928
256000 4051695488
264000 4060084352
272000 4068472448
280000 4076862848
288000 4085249408
296000 4093640576
304000 4102028416
312000 4110413696
320000 4118805632
328000 4127194496
336000 4135583104
344000 4143971968
352000 4152360832
360000 4160746112
368000 4169135744
376000 4177525888
384000 4185912704
392000 4194303616
400000 4202691968
408000 4211076736
416000 4219463552
424000 4227855488
432000 4236246656
440000 4244633728
448000 4253022848
456000 4261412224
464000 4269799808
472000 4278184832
480000 4286578048
488000 4294962304
496000 4303349632
504000 4311743104
512000 4320130432
520000 4328521088
528000 4336909184
536000 4345295488
544000 4353687424
552000 4362073472
560000 4370458496
568000 4378852736
576000 4387238528
584000 4395630208
592000 4404019072
600000 4412407424
608000 4420790656
616000 4429182848
624000 4437571456
632000 4445962112
640000 4454344064
648000 4462738048
656000 4471119232
664000 4479516544
672000 4487904128
680000 4496289664
688000 4504682368
696000 4513068416
704000 4521459584
712000 4529846144
720000 4538232704
728000 4546619776
736000 4555010176
744000 4563402112
752000 4571790208
760000 4580174464
768000 4588567936
776000 4596957056
784000 4605344896
792000 4613734016
800000 4622119808
808000 4630511488
816000 4638898816
824000 4647287936
832000 4655675264
840000 4664065664
848000 4672451968
856000 4680842624
864000 4689231488
872000 4697620352
880000 4706007424
888000 4714397056
896000 4722786176
904000 4731173248
912000 4739562368
920000 4747951744
928000 4756340608
936000 4764727936
944000 4773114496
952000 4781504384
960000 4789894784
968000 4798283648
976000 4806667648
984000 4815059584
992000 4823449472
1000000 4831835776
1008000 4840226176
1016000 4848612224
1024000 4857003392
1032000 4865391488
1040000 4873780096
1048000 4882169728
1056000 4890557312
1064000 4898946944
1072000 4907333248
1080000 4915722368
1088000 4924110976
1096000 4932499328
1104000 4940889728
1112000 4949276032
1120000 4957666432
1128000 4966054784
1136000 4974438016
1144000 4982831488
1152000 4991221376
1160000 4999607168
1168000 5007998848
1176000 5016386432
1184000 5024763776
1192000 5033164672
1200000 5041544576
1208000 5049941888
1216000 5058329728
1224000 5066717056
1232000 5075107456
1240000 5083494272
1248000 5091883904
1256000 5100273536
1264000 5108662144
1272000 5117048192
1280000 5125436032
1288000 5133827456
1296000 5142215296
1304000 5150605184
1312000 5158993024
1320000 5167382144
1328000 5175769472
1336000 5184157568
1344000 5192543872
1352000 5200936064
1360000 5209324928
1368000 5217711232
1376000 5226102656
1384000 5234490496
1392000 5242877312
1400000 5251263872
1408000 5259654016
1416000 5268040832
1424000 5276434304
1432000 5284819328
1440000 5293209728
1448000 5301598592
1456000 5309986688
1464000 5318374784
1472000 5326764416
1480000 5335151488
1488000 5343542144
1496000 5351929472
1504000 5360319872
1512000 5368706944
1520000 5377096576
1528000 5385484928
1536000 5393871232
1544000 5402263424
1552000 5410650496
1560000 5419040384
1568000 5427426944
1576000 5435816576
1584000 5444205952
1592000 5452594816
1600000 5460981376
1608000 5469367936
1616000 5477760896
1624000 5486148736
1632000 5494536832
1640000 5502925952
1648000 5511315328
1656000 5519703424
1664000 5528089984
1672000 5536481152
1680000 5544869504
1688000 5553256064
1696000 5561645696
1704000 5570032768
1712000 5578423936
1720000 5586811264
1728000 5595193216
1736000 5603585408
1744000 5611972736
1752000 5620366208
1760000 5628750464
1768000 5637143936
1776000 5645528192
1784000 5653921408
1792000 5662310272
1800000 5670694784
1808000 5679082624
1816000 5687474048
1824000 5695864448
1832000 5704251008
1840000 5712641408
1848000 5721030272
1856000 5729416832
1864000 5737806208
1872000 5746194304
1880000 5754583936
1888000 5762969984
1896000 5771358592
1904000 5779748224
1912000 5788137856
1920000 5796527488
1928000 5804911232
1936000 5813300608
1944000 5821692544
1952000 5830082176
1960000 5838468992
1968000 5846855552
1976000 5855247488
1984000 5863636096
1992000 5872024448
2000000 5880411008
2008000 5888799872
2016000 5897186432
2024000 5905576832
2032000 5913966976
2040000 5922352768
2048000 5930744704
2056000 5939132288
2064000 5947522432
2072000 5955911296
2080000 5964299392
2088000 5972688256
2096000 5981074304
2104000 5989465472
2112000 5997851008
2120000 6006241408
2128000 6014627968
2136000 6023015552
2144000 6031408256
2152000 6039796096
2160000 6048185216
2168000 6056574848
2176000 6064963456
2184000 6073351808
2192000 6081736064
2200000 6090128768
2208000 6098517632
2216000 6106906496
2224000 6115289216
2232000 6123680896
2240000 6132070016
2248000 6140459648
2256000 6148849024
2264000 6157237376
2272000 6165624704
2280000 6174009728
2288000 6182403712
2296000 6190792064
2304000 6199176064
2312000 6207569792
2320000 6215952256
2328000 6224345216
2336000 6232732544
2344000 6241124224
2352000 6249510272
2360000 6257899136
2368000 6266287744
2376000 6274676864
2384000 6283065728
2392000 6291454336
2400000 6299843456
2408000 6308232064
2416000 6316620928
2424000 6325006208
2432000 6333395584
2440000 6341784704
2448000 6350174848
2456000 6358562176
2464000 6366951296
2472000 6375337856
2480000 6383729536
2488000 6392119168
2496000 6400504192
2504000 6408895616
2512000 6417283456
2520000 6425673344
2528000 6434059136
2536000 6442444672
2544000 6450837376
2552000 6459223424
2560000 6467613056
2568000 6476004224
2576000 6484393088
2584000 6492781952
2592000 6501170048
2600000 6509555072
2608000 6517947008
2616000 6526336384
2624000 6534725504
2632000 6543112832
2640000 6551500672
2648000 6559888768
2656000 6568278656
2664000 6576662912
2672000 6585055616
2680000 6593443456
2688000 6601834112
2696000 6610219648
2704000 6618610304
2712000 6626999168
2720000 6635385472
2728000 6643777408
2736000 6652164224
2744000 6660552832
2752000 6668941952
2760000 6677330048
2768000 6685719424
2776000 6694107776
2784000 6702493568
2792000 6710882176
2800000 6719274112
2808000 6727662976
2816000 6736052096
2824000 6744437632
2832000 6752825984
2840000 6761213824
2848000 6769604224
2856000 6777993856
2864000 6786383488
2872000 6794770816
2880000 6803158144
2888000 6811549312
2896000 6819937664
2904000 6828326528
2912000 6836706176
2920000 6845101696
2928000 6853491328
2936000 6861880448
2944000 6870269312
2952000 6878655104
2960000 6887046272
2968000 6895433344
2976000 6903822208
2984000 6912212864
2992000 6920596864
3000000 6928988288
3008000 6937377152
3016000 6945764992
3024000 6954149248
3032000 6962544256
3040000 6970928768
3048000 6979317376
3056000 6987709312
3064000 6996093824
3072000 7004487296
3080000 7012875392
3088000 7021258624
3096000 7029652352
3104000 7038038912
3112000 7046427776
3120000 7054818944
3128000 7063207808
3136000 7071595136
3144000 7079980928
3152000 7088372608
3160000 7096759424
3168000 7105149824
3176000 7113536896
3184000 7121928064
3192000 7130315392
3200000 7138699648
3208000 7147092352
3216000 7155479168
3224000 7163865728
3232000 7172249984
3240000 7180648064
3248000 7189036672
3256000 7197424768
3264000 7205810816
3272000 7214196608
3280000 7222589824
3288000 7230975104
3296000 7239367552
3304000 7247755904
3312000 7256145536
3320000 7264533376
3328000 7272921472
3336000 7281308032
3344000 7289694848
3352000 7298088832
3360000 7306471808
3368000 7314864512
3376000 7323253888
3384000 7331643008
3392000 7340029568
3400000 7348419712
3408000 7356808832
3416000 7365196672
3424000 7373585792
3432000 7381973888
3440000 7390362752
3448000 7398750592
3456000 7407138944
3464000 7415528576
3472000 7423915648
3480000 7432302208
3488000 7440690304
3496000 7449080192
3504000 7457472128
3512000 7465860992
3520000 7474249088
3528000 7482635648
3536000 7491023744
3544000 7499412608
3552000 7507803008
3560000 7516192384
3568000 7524579968
3576000 7532967296
3584000 7541358464
3592000 7549745792
3600000 7558134656
3608000 7566524032
3616000 7574912896
3624000 7583300992
3632000 7591690112
3640000 7600075136
3648000 7608466816
3656000 7616854912
3664000 7625244544
3672000 7633629824
3680000 7642020992
3688000 7650410368
3696000 7658794112
3704000 7667187328
3712000 7675574912
3720000 7683961984
3728000 7692349568
3736000 7700739712
3744000 7709130368
3752000 7717519232
3760000 7725905536
3768000 7734295424
3776000 7742683264
3784000 7751069056
3792000 7759457408
3800000 7767849088
3808000 7776238208
3816000 7784626816
3824000 7793014912
3832000 7801405312
3840000 7809792128
3848000 7818179968
3856000 7826571136
3864000 7834957184
3872000 7843347328
3880000 7851732352
3888000 7860124544
3896000 7868512384
3904000 7876902016
3912000 7885287808
3920000 7893679744
3928000 7902067072
3936000 7910455936
3944000 7918844288
3952000 7927230848
3960000 7935622784
3968000 7944009344
3976000 7952400256
3984000 7960786048
3992000 7969176704
4000000 7977565312
4008000 7985953408
4016000 7994339968
4024000 8002730368
4032000 8011119488
4040000 8019508096
4048000 8027896192
4056000 8036285056
4064000 8044674688
4072000 8053062272
4080000 8061448832
4088000 8069838464
4096000 8078227328
4104000 8086616704
4112000 8095006592
4120000 8103393664
4128000 8111783552
4136000 8120171392
4144000 8128560256
4152000 8136949376
4160000 8145336704
4168000 8153726848
4176000 8162114944
4184000 8170503296
4192000 8178891904
4200000 8187280768
4208000 8195669632
4216000 8204058496
4224000 8212444544
4232000 8220834176
4240000 8229222272
4248000 8237612672
4256000 8246000768
4264000 8254389376
4272000 8262775168
4280000 8271167104
4288000 8279553664
4296000 8287944064
4304000 8296333184
4312000 8304715136
4320000 8313108352
4328000 8321497984
4336000 8329885568
4344000 8338274432
4352000 8346663296
4360000 8355052928
4368000 8363441536
4376000 8371828352
4384000 8380217984
4392000 8388606592
4400000 8396996224
4408000 8405384576
4416000 8413772672
4424000 8422161536
4432000 8430549376
4440000 8438939008
4448000 8447326592
4456000 8455715456
4464000 8464104832
4472000 8472492928
4480000 8480882048
4488000 8489270656
4496000 8497659776
4504000 8506045312
4512000 8514434944
4520000 8522823808
4528000 8531208832
4536000 8539602304
4544000 8547990656
4552000 8556378752
4560000 8564768384
4568000 8573154176
4576000 8581542784
4584000 8589933952
4592000 8598322816
4600000 8606705024
4608000 8615099264
4616000 8623487872
4624000 8631876992
4632000 8640264064
4640000 8648653952
4648000 8657040256
4656000 8665430656
4664000 8673820544
4672000 8682209152
4680000 8690592128
4688000 8698977152
4696000 8707374464
4704000 8715763328
4712000 8724151424
4720000 8732540032
4728000 8740928384
4736000 8749315712
4744000 8757704576
4752000 8766089344
4760000 8774480768
4768000 8782871936
4776000 8791260032
4784000 8799645824
4792000 8808034432
4800000 8816426368
4808000 8824812928
4816000 8833199488
4824000 8841591424
4832000 8849976448
4840000 8858366336
4848000 8866757248
4856000 8875147136
4864000 8883532928
4872000 8891923328
4880000 8900306816
4888000 8908700288
4896000 8917088384
4904000 8925478784
4912000 8933867392
4920000 8942250368
4928000 8950644608
4936000 8959032704
4944000 8967420544
4952000 8975809664
4960000 8984197504
4968000 8992584064
4976000 9000976256
4984000 9009362048
4992000 9017752448
5000000 9026141312
5008000 9034530688
5016000 9042917504
5024000 9051307904
5032000 9059694208
5040000 9068084864
5048000 9076471424
5056000 9084861824
5064000 9093250688
5072000 9101638528
5080000 9110027648
5088000 9118416512
5096000 9126803584
5104000 9135188096
5112000 9143581312
5120000 9151969664
5128000 9160356224
5136000 9168747136
5144000 9177134464
5152000 9185525632
5160000 9193910144
5168000 9202302848
5176000 9210690688
5184000 9219079552
5192000 9227465344
5200000 9235854464
5208000 9244244864
5216000 9252633472
5224000 9261021824
5232000 9269411456
5240000 9277799296
5248000 9286188928
5256000 9294574208
5264000 9302965888
5272000 9311351936
5280000 9319740032
5288000 9328131968
5296000 9336516736
5304000 9344907392
5312000 9353296768
5320000 9361685888
5328000 9370074752
5336000 9378463616
5344000 9386849408
5352000 9395239808
5360000 9403629184
5368000 9412016512
5376000 9420405376
5384000 9428795008
5392000 9437181568
5400000 9445570688
5408000 9453960832
5416000 9462346624
5424000 9470738048
5432000 9479121536
5440000 9487515008
5448000 9495903616
5456000 9504289664
5464000 9512678528
5472000 9521067904
5480000 9529456256
5488000 9537843584
5496000 9546233728
5504000 9554621312
5512000 9563011456
5520000 9571398784
5528000 9579788672
5536000 9588178304
5544000 9596567168
5552000 9604954496
5560000 9613343104
5568000 9621732992
5576000 9630121856
5584000 9638508416
5592000 9646898816
5600000 9655283584
5608000 9663675776
5616000 9672061312
5624000 9680449664
5632000 9688840064
5640000 9697230464
5648000 9705617536
5656000 9714003584
5664000 9722393984
5672000 9730772608
5680000 9739172224
5688000 9747561088
5696000 9755945344
5704000 9764338816
5712000 9772726144
5720000 9781116544
5728000 9789503872
5736000 9797892992
5744000 9806282624
5752000 9814670464
5760000 9823056512
5768000 9831439232
5776000 9839833984
5784000 9848224384
5792000 9856613504
5800000 9865000576
5808000 9873391232
5816000 9881772416
5824000 9890162816
5832000 9898556288
5840000 9906940544
5848000 9915333248
5856000 9923721088
5864000 9932108672
5872000 9940496512
5880000 9948888448
5888000 9957276544
5896000 9965666176
5904000 9974048384
5912000 9982441088
5920000 9990830464
5928000 9999219584
5936000 10007602816
5944000 10015996544
5952000 10024385152
5960000 10032774016
5968000 10041163648
5976000 10049548928
5984000 10057940096
5992000 10066329472
6000000 10074717824
6008000 10083105152
6016000 10091495296
6024000 10099878784
6032000 10108272256
6040000 10116660608
6048000 10125049216
6056000 10133437312
6064000 10141825664
6072000 10150213504
6080000 10158601088
6088000 10166991232
6096000 10175378816
6104000 10183766144
6112000 10192157312
6120000 10200545408
6128000 10208935552
6136000 10217322112
6144000 10225712768
6152000 10234099328
6160000 10242489472
6168000 10250876032
6176000 10259264896
6184000 10267656064
6192000 10276042624
6200000 10284429184
6208000 10292820352
6216000 10301209472
6224000 10309598848
6232000 10317987712
6240000 10326375296
6248000 10334763392
6256000 10343153536
6264000 10351541632
6272000 10359930752
6280000 10368318592
6288000 10376707456
6296000 10385096576
6304000 10393484672
6312000 10401867136
6320000 10410262144
6328000 10418647424
6336000 10427039104
6344000 10435425664
6352000 10443810176
6360000 10452203648
6368000 10460589952
6376000 10468982144
6384000 10477369472
6392000 10485759104
6400000 10494147712
6408000 10502533504
6416000 10510923392
6424000 10519313536
6432000 10527702656
6440000 10536091264
6448000 10544478592
6456000 10552867712
6464000 10561255808
6472000 10569642368
6480000 10578032768
6488000 10586423168
6496000 10594805632
6504000 10603200128
6512000 10611588992
6520000 10619976064
6528000 10628361344
6536000 10636754048
6544000 10645143424
6552000 10653531776
6560000 10661920384
6568000 10670307968
6576000 10678696832
6584000 10687086464
6592000 10695475072
6600000 10703863168
6608000 10712246144
6616000 10720639616
6624000 10729026688
6632000 10737414784
6640000 10745806208
6648000 10754190976
6656000 10762581376
6664000 10770971264
6672000 10779356288
6680000 10787747456
6688000 10796135552
6696000 10804525184
6704000 10812915584
6712000 10821301888
6720000 10829692288
6728000 10838078336
6736000 10846469248
6744000 10854858368
6752000 10863247232
6760000 10871631488
6768000 10880023424
6776000 10888412032
6784000 10896799616
6792000 10905188992
6800000 10913574016
6808000 10921964672
6816000 10930352768
6824000 10938742912
6832000 10947132544
6840000 10955518592
6848000 10963909504
6856000 10972298368
6864000 10980687488
6872000 10989074816
6880000 10997462912
6888000 11005851776
6896000 11014241152
6904000 11022627712
6912000 11031017344
6920000 11039403904
6928000 11047793024
6936000 11056184704
6944000 11064570752
6952000 11072960896
6960000 11081343872
6968000 11089737856
6976000 11098128256
6984000 11106514816
6992000 11114904448
7000000 11123293568
7008000 11131680128
7016000 11140065152
7024000 11148458368
7032000 11156845696
7040000 11165236864
7048000 11173624192
7056000 11182013824
7064000 11190402688
7072000 11198790784
7080000 11207179136
7088000 11215568768
7096000 11223957376
7104000 11232345728
7112000 11240734592
7120000 11249122688
7128000 11257511296
7136000 11265899648
7144000 11274285952
7152000 11282675584
7160000 11291065472
7168000 11299452544
7176000 11307842432
7184000 11316231296
7192000 11324616832
7200000 11333009024
7208000 11341395584
7216000 11349782656
7224000 11358172288
7232000 11366560384
7240000 11374950016
7248000 11383339648
7256000 11391721856
7264000 11400117376
7272000 11408504192
7280000 11416893568
7288000 11425283456
7296000 11433671552
7304000 11442061184
7312000 11450444672
7320000 11458837888
7328000 11467226752
7336000 11475611776
7344000 11484003968
7352000 11492392064
7360000 11500780672
7368000 11509169024
7376000 11517550976
7384000 11525944448
7392000 11534335616
7400000 11542724224
7408000 11551111808
7416000 11559500672
7424000 11567890304
7432000 11576277376
7440000 11584667008
7448000 11593056128
7456000 11601443456
7464000 11609830016
7472000 11618221952
7480000 11626607488
7488000 11634995072
7496000 11643387776
7504000 11651775104
7512000 11660161664
7520000 11668552576
7528000 11676940928
7536000 11685330304
7544000 11693718656
7552000 11702106496
7560000 11710496128
7568000 11718882688
7576000 11727273088
7584000 11735660416
7592000 11744050048
7600000 11752437376
7608000 11760824704
7616000 11769216128
7624000 11777604736
7632000 11785991296
7640000 11794381952
7648000 11802770048
7656000 11811157888
7664000 11819548544
7672000 11827932544
7680000 11836324736
7688000 11844713344
7696000 11853100928
7704000 11861486464
7712000 11869879936
7720000 11878268032
7728000 11886656896
7736000 11895044992
7744000 11903433088
7752000 11911822976
7760000 11920210816
7768000 11928600448
7776000 11936987264
7784000 11945375872
7792000 11953761152
7800000 11962151296
7808000 11970543488
7816000 11978928512
7824000 11987320448
7832000 11995708288
7840000 12004095104
7848000 12012486272
7856000 12020875136
7864000 12029255552
7872000 12037652096
7880000 12046039168
7888000 12054429568
7896000 12062813824
7904000 12071206528
7912000 12079594624
7920000 12087983744
7928000 12096371072
7936000 12104759936
7944000 12113147264
7952000 12121534592
7960000 12129924992
7968000 12138314624
7976000 12146703232
7984000 12155091584
7992000 12163481216
8000000 12171864704
8008000 12180255872
8016000 12188643968
8024000 12197034112
8032000 12205424512
8040000 12213811328
8048000 12222199424
8056000 12230590336
8064000 12238977664
8072000 12247365248
8080000 12255755392
8088000 12264143488
8096000 12272531584
8104000 12280920448
8112000 12289309568
8120000 12297694592
8128000 12306086528
8136000 12314475392
8144000 12322865024
8152000 12331253632
8160000 12339640448
8168000 12348029312
8176000 12356418944
8184000 12364805248
8192000 12373196672
8200000 12381580928
8208000 12389969024
8216000 12398357632
8224000 12406750592
8232000 12415138432
8240000 12423527552
8248000 12431916416
8256000 12440304512
8264000 12448692352
8272000 12457081216
8280000 12465467776
8288000 12473859968
8296000 12482245504
8304000 12490636672
8312000 12499025536
8320000 12507411584
8328000 12515801728
8336000 12524190592
8344000 12532577152
8352000 12540966272
8360000 12549354368
8368000 12557743232
8376000 12566129536
8384000 12574523264
8392000 12582911872
8400000 12591299456
8408000 12599688064
8416000 12608074624
8424000 12616463488
8432000 12624845696
8440000 12633239936
8448000 12641631616
8456000 12650019968
8464000 12658407296
8472000 12666795136
8480000 12675183232
8488000 12683574656
8496000 12691960192
8504000 12700350592
8512000 12708740224
8520000 12717128576
8528000 12725515904
8536000 12733906816
8544000 12742295168
8552000 12750680192
8560000 12759071872
8568000 12767460736
8576000 12775848832
8584000 12784236928
8592000 12792626816
8600000 12801014656
8608000 12809404288
8616000 12817789312
8624000 12826181504
8632000 12834568832
8640000 12842954624
8648000 12851345792
8656000 12859732352
8664000 12868122496
8672000 12876512128
8680000 12884901248
8688000 12893289088
8696000 12901672832
8704000 12910067584
8712000 12918455168
8720000 12926842496
8728000 12935232896
8736000 12943620736
8744000 12952009856
8752000 12960396928
8760000 12968786816
8768000 12977176192
8776000 12985563776
8784000 12993951104
8792000 13002341504
8800000 13010730368
8808000 13019115392
8816000 13027506304
8824000 13035895168
8832000 13044272512
8840000 13052673152
8848000 13061062528
8856000 13069446272
8864000 13077838976
8872000 13086227072
8880000 13094613632
8888000 13103000192
8896000 13111393664
8904000 13119782528
8912000 13128157568
8920000 13136559232
8928000 13144945024
8936000 13153329536
8944000 13161724288
8952000 13170111872
8960000 13178502784
8968000 13186884736
8976000 13195279744
8984000 13203667072
8992000 13212057472
9000000 13220445824
9008000 13228832128
9016000 13237221248
9024000 13245610624
9032000 13254000512
9040000 13262388352
9048000 13270777472
9056000 13279166336
9064000 13287553408
9072000 13295943296
9080000 13304331904
9088000 13312719488
9096000 13321108096
9104000 13329494656
9112000 13337885824
9120000 13346274944
9128000 13354663808
9136000 13363051136
9144000 13371439232
9152000 13379825024
9160000 13388210816
9168000 13396605056
9176000 13404995456
9184000 13413380224
9192000 13421771392
9200000 13430159744
9208000 13438546048
9216000 13446937216
9224000 13455326848
9232000 13463708288
9240000 13472103808
9248000 13480492672
9256000 13488875648
9264000 13497269888
9272000 13505657728
9280000 13514045312
9288000 13522435712
9296000 13530824576
9304000 13539210112
9312000 13547599232
9320000 13555989376
9328000 13564379008
9336000 13572766336
9344000 13581154432
9352000 13589544832
9360000 13597932928
9368000 13606320512
9376000 13614710656
9384000 13623097472
9392000 13631477632
9400000 13639874944
9408000 13648264064
9416000 13656652928
9424000 13665041792
9432000 13673430656
9440000 13681818496
9448000 13690207616
9456000 13698595712
9464000 13706982272
9472000 13715373184
9480000 13723762048
9488000 13732150144
9496000 13740536704
9504000 13748926592
9512000 13757316224
9520000 13765700992
9528000 13774090112
9536000 13782477952
9544000 13790869376
9552000 13799259008
9560000 13807647872
9568000 13816036736
9576000 13824425344
9584000 13832814208
9592000 13841202304
9600000 13849591424
9608000 13857978752
9616000 13866368896
9624000 13874754688
9632000 13883145344
9640000 13891533184
9648000 13899919232
9656000 13908311168
9664000 13916692096
9672000 13925085056
9680000 13933473152
9688000 13941866368
9696000 13950253696
9704000 13958643584
9712000 13967032192
9720000 13975417216
9728000 13983807616
9736000 13992197504
9744000 14000582272
9752000 14008973696
9760000 14017363072
9768000 14025752192
9776000 14034137984
9784000 14042528384
9792000 14050918016
9800000 14059301504
9808000 14067691648
9816000 14076083584
9824000 14084470144
9832000 14092852352
9840000 14101249664
9848000 14109635968
9856000 14118024832
9864000 14126407552
9872000 14134804352
9880000 14143188608
9888000 14151577984
9896000 14159968384
9904000 14168357248
9912000 14176741504
9920000 14185127296
9928000 14193521024
9936000 14201911424
9944000 14210301824
9952000 14218685056
9960000 14227067264
9968000 14235467392
9976000 14243855488
9984000 14252243072
9992000 14260630144
10000000 14269021568
10008000 14277409408
10016000 14285799296
10024000 14294187904
10032000 14302571392
10040000 14310961792
10048000 14319353728
10056000 14327738752
10064000 14336130944
10072000 14344518784
10080000 14352906368
10088000 14361296512
10096000 14369685376
10104000 14378071424
10112000 14386462592
10120000 14394848128
10128000 14403230848
10136000 14411627392
10144000 14420013952
10152000 14428402304
10160000 14436793472
10168000 14445181568
10176000 14453569664
10184000 14461959808
10192000 14470347904
10200000 14478737024
10208000 14487122816
10216000 14495511424
10224000 14503901824
10232000 14512291712
10240000 14520677504
10248000 14529064832
10256000 14537456768
10264000 14545845632
10272000 14554234496
10280000 14562618496
10288000 14571011456
10296000 14579398784
10304000 14587789184
10312000 14596172672
10320000 14604564608
10328000 14612953984
10336000 14621341312
10344000 14629724288
10352000 14638120832
10360000 14646503296
10368000 14654897536
10376000 14663284864
10384000 14671675264
10392000 14680061056
10400000 14688447616
10408000 14696835968
10416000 14705228416
10424000 14713616768
10432000 14722003328
10440000 14730392192
10448000 14738784128
10456000 14747172736
10464000 14755561088
10472000 14763947648
10480000 14772336512
10488000 14780725376
10496000 14789110144
10504000 14797499776
10512000 14805892736
10520000 14814276992
10528000 14822670208
10536000 14831056256
10544000 14839444352
10552000 14847836032
10560000 14856222848
10568000 14864612992
10576000 14872997504
10584000 14881388672
10592000 14889775744
10600000 14898165376
10608000 14906553472
10616000 14914944896
10624000 14923329664
10632000 14931721856
10640000 14940109696
10648000 14948497024
10656000 14956887424
10664000 14965276544
10672000 14973663616
10680000 14982053248
10688000 14990439808
10696000 14998830976
10704000 15007216768
10712000 15015605888
10720000 15023995264
10728000 15032385152
10736000 15040768384
10744000 15049154944
10752000 15057549184
10760000 15065939072
10768000 15074328448
10776000 15082715008
10784000 15091104128
10792000 15099493504
10800000 15107879296
10808000 15116269184
10816000 15124659584
10824000 15133042304
10832000 15141431936
10840000 15149824384
10848000 15158214272
10856000 15166602368
10864000 15174991232
10872000 15183378304
10880000 15191760512
10888000 15200154496
10896000 15208542592
10904000 15216931712
10912000 15225323392
10920000 15233708416
10928000 15242098048
10936000 15250489216
10944000 15258875264
10952000 15267265408
10960000 15275654528
10968000 15284043136
10976000 15292431488
10984000 15300819584
10992000 15309208192
11000000 15317596544
11008000 15325986176
11016000 15334374784
11024000 15342763648
11032000 15351151744
11040000 15359540608
11048000 15367929728
11056000 15376318336
11064000 15384706432
11072000 15393092992
11080000 15401481856
11088000 15409869952
11096000 15418258816
11104000 15426649984
11112000 15435037568
11120000 15443425664
11128000 15451815296
11136000 15460203392
11144000 15468589184
11152000 15476979328
11160000 15485369216
11168000 15493755776
11176000 15502146944
11184000 15510534272
11192000 15518924416
11200000 15527311232
11208000 15535699072
11216000 15544089472
11224000 15552478336
11232000 15560866688
11240000 15569254528
11248000 15577642624
11256000 15586031488
11264000 15594419072
11272000 15602809472
11280000 15611199104
11288000 15619586432
11296000 15627975296
11304000 15636364928
11312000 15644753792
11320000 15653141888
11328000 15661529216
11336000 15669918848
11344000 15678305152
11352000 15686696576
11360000 15695083136
11368000 15703474048
11376000 15711861632
11384000 15720251264
11392000 15728636288
11400000 15737027456
11408000 15745417088
11416000 15753804928
11424000 15762194048
11432000 15770582656
11440000 15778971008
11448000 15787358336
11456000 15795747712
11464000 15804132224
11472000 15812523392
11480000 15820909696
11488000 15829300096
11496000 15837691264
11504000 15846071936
11512000 15854466944
11520000 15862855808
11528000 15871244672
11536000 15879634816
11544000 15888020608
11552000 15896409728
11560000 15904799104
11568000 15913185152
11576000 15921577088
11584000 15929966464
11592000 15938354816
11600000 15946743424
11608000 15955129472
11616000 15963519872
11624000 15971907968
11632000 15980296064
11640000 15988684928
11648000 15997073024
11656000 16005460864
11664000 16013851264
11672000 16022241152
11680000 16030629248
11688000 16039012736
11696000 16047406976
11704000 16055794816
11712000 16064181376
11720000 16072571264
11728000 16080957824
11736000 16089346688
11744000 16097737856
11752000 16106125184
11760000 16114514816
11768000 16122904192
11776000 16131292544
11784000 16139678848
11792000 16148066944
11800000 16156453504
11808000 16164839552
11816000 16173236096
11824000 16181623424
11832000 16190012032
11840000 16198401152
11848000 16206790528
11856000 16215177344
11864000 16223567744
11872000 16231956352
11880000 16240344704
11888000 16248731008
11896000 16257117824
11904000 16265504384
11912000 16273898624
11920000 16282281856
11928000 16290668672
11936000 16299064192
11944000 16307449216
11952000 16315842176
11960000 16324230016
11968000 16332613504
11976000 16341006464
11984000 16349394304
11992000 16357783168
12000000 16366172288
12008000 16374561664
12016000 16382951296
12024000 16391337856
12032000 16399726208
12040000 16408116352
12048000 16416505472
12056000 16424892032
12064000 16433282176
12072000 16441668224
12080000 16450058624
12088000 16458448768
12096000 16466836864
12104000 16475224448
12112000 16483613056
12120000 16492001408
12128000 16500391808
12136000 16508779648
12144000 16517166976
12152000 16525555328
12160000 16533944192
12168000 16542330752
12176000 16550719616
12184000 16559110528
12192000 16567497088
12200000 16575888512
12208000 16584274816
12216000 16592665472
12224000 16601051008
12232000 16609442944
12240000 16617832064
12248000 16626218624
12256000 16634607488
12264000 16642996096
12272000 16651385728
12280000 16659773824
12288000 16668163712
12296000 16676552576
12304000 16684938112
12312000 16693328768
12320000 16701718144
12328000 16710095488
12336000 16718492288
12344000 16726883968
12352000 16735272832
12360000 16743661184
12368000 16752049792
12376000 16760436608
12384000 16768827008
12392000 16777214336
12400000 16785599104
12408000 16793992832
12416000 16802381696
12424000 16810768768
12432000 16819151744
12440000 16827542656
12448000 16835934848
12456000 16844323712
12464000 16852711552
12472000 16861101952
12480000 16869489536
12488000 16877876864
12496000 16886265728
12504000 16894653056
12512000 16903044736
12520000 16911431296
12528000 16919821696
12536000 16928207488
12544000 16936592768
12552000 16944987776
12560000 16953375616
12568000 16961763968
12576000 16970152832
12584000 16978540928
12592000 16986929536
12600000 16995319168
12608000 17003704448
12616000 17012096896
12624000 17020481152
12632000 17028870784
12640000 17037262208
12648000 17045649536
12656000 17054039936
12664000 17062426496
12672000 17070814336
12680000 17079205504
12688000 17087592064
12696000 17095978112
12704000 17104369024
12712000 17112759424
12720000 17121147776
12728000 17129536384
12736000 17137926016
12744000 17146314368
12752000 17154700928
12760000 17163089792
12768000 17171480192
12776000 17179864192
12784000 17188256896
12792000 17196644992
12800000 17205033856
12808000 17213423488
12816000 17221811072
12824000 17230198912
12832000 17238588032
12840000 17246976896
12848000 17255360384
12856000 17263754624
12864000 17272143232
12872000 17280530048
12880000 17288918912
12888000 17297309312
12896000 17305696384
12904000 17314085504
12912000 17322475136
12920000 17330863744
12928000 17339252096
12936000 17347640192
12944000 17356026496
12952000 17364413824
12960000 17372796544
12968000 17381190016
12976000 17389583488
12984000 17397972608
12992000 17406360704
13000000 17414748544
13008000 17423135872
13016000 17431527296
13024000 17439915904
13032000 17448303232
13040000 17456691584
13048000 17465081728
13056000 17473468288
13064000 17481857408
13072000 17490247552
13080000 17498635904
13088000 17507022464
13096000 17515409024
13104000 17523801728
13112000 17532189824
13120000 17540577664
13128000 17548966016
13136000 17557353344
13144000 17565741184
13152000 17574131584
13160000 17582519168
13168000 17590907008
13176000 17599296128
13184000 17607687808
13192000 17616076672
13200000 17624455808
13208000 17632852352
13216000 17641238656
13224000 17649630848
13232000 17658018944
13240000 17666403968
13248000 17674794112
13256000 17683178368
13264000 17691573376
13272000 17699962496
13280000 17708350592
13288000 17716739968
13296000 17725126528
13304000 17733517184
13312000 17741898112
13320000 17750293888
13328000 17758673024
13336000 17767070336
13344000 17775458432
13352000 17783848832
13360000 17792236928
13368000 17800625536
13376000 17809012352
13384000 17817402752
13392000 17825785984
13400000 17834178944
13408000 17842563968
13416000 17850955648
13424000 17859344512
13432000 17867732864
13440000 17876119424
13448000 17884511872
13456000 17892900224
13464000 17901287296
13472000 17909677696
13480000 17918058112
13488000 17926451072
13496000 17934843776
13504000 17943230848
13512000 17951609216
13520000 17960008576
13528000 17968397696
13536000 17976784256
13544000 17985175424
13552000 17993564032
13560000 18001952128
13568000 18010339712
13576000 18018728576
13584000 18027116672
13592000 18035503232
13600000 18043894144
13608000 18052283264
13616000 18060672128
13624000 18069056384
13632000 18077449856
13640000 18085837184
13648000 18094225792
13656000 18102613376
13664000 18111004544
13672000 18119388544
13680000 18127781248
13688000 18136170368
13696000 18144558976
13704000 18152947328
13712000 18161336192
13720000 18169724288
13728000 18178108544
13736000 18186498944
13744000 18194886784
13752000 18203275648
13760000 18211666048
13768000 18220048768
13776000 18228444544
13784000 18236833408
13792000 18245220736
13800000 18253610624
13808000 18261994624
13816000 18270387328
13824000 18278774656
13832000 18287163008
13840000 18295551104
13848000 18303941504
13856000 18312328064
13864000 18320717696
13872000 18329105792
13880000 18337496192
13888000 18345881728
13896000 18354269056
13904000 18362660224
13912000 18371050112
13920000 18379435904
13928000 18387828352
13936000 18396213632
13944000 18404605568
13952000 18412993408
13960000 18421379456
13968000 18429770368
13976000 18438154624
13984000 18446543744
13992000 18454937216
14000000 18463325824
14008000 18471713408
14016000 18480099712
14024000 18488488576
14032000 18496878464
14040000 18505268864
14048000 18513653632
14056000 18522045056
14064000 18530431616
14072000 18538823552
14080000 18547211392
14088000 18555600512
14096000 18563989376
14104000 18572377216
14112000 18580759424
14120000 18589154432
14128000 18597543296
14136000 18605931392
14144000 18614320768
14152000 18622708352
14160000 18631096448
14168000 18639486848
14176000 18647874688
14184000 18656262784
14192000 18664651648
14200000 18673037696
14208000 18681429376
14216000 18689814656
14224000 18698201728
14232000 18706594688
14240000 18714980224
14248000 18723370112
14256000 18731761024
14264000 18740150144
14272000 18748538752
14280000 18756927104
14288000 18765314944
14296000 18773701504
14304000 18782091392
14312000 18790481536
14320000 18798869632
14328000 18807258752
14336000 18815646592
14344000 18824034688
14352000 18832422272
14360000 18840813184
14368000 18849200768
14376000 18857585792
14384000 18865976704
14392000 18874365824
14400000 18882756224
14408000 18891145088
14416000 18899529344
14424000 18907911808
14432000 18916310144
14440000 18924697216
14448000 18933086336
14456000 18941475968
14464000 18949865344
14472000 18958250368
14480000 18966641536
14488000 18975028096
14496000 18983418752
14504000 18991807616
14512000 19000195712
14520000 19008584576
14528000 19016973952
14536000 19025360768
14544000 19033749632
14552000 19042140032
14560000 19050528128
14568000 19058916992
14576000 19067304832
14584000 19075694464
14592000 19084081792
14600000 19092468608
14608000 19100859776
14616000 19109247104
14624000 19117634176
14632000 19126026112
14640000 19134413696
14648000 19142802304
14656000 19151191168
14664000 19159578752
14672000 19167966592
14680000 19176355456
14688000 19184739712
14696000 19193133952
14704000 19201522048
14712000 19209910144
14720000 19218300544
14728000 19226688896
14736000 19235077504
14744000 19243466624
14752000 19251846784
14760000 19260243584
14768000 19268632192
14776000 19277018752
14784000 19285409152
14792000 19293797504
14800000 19302186368
14808000 19310572672
14816000 19318962304
14824000 19327352192
14832000 19335741056
14840000 19344129664
14848000 19352510336
14856000 19360906624
14864000 19369295744
14872000 19377681536
14880000 19386071168
14888000 19394460544
14896000 19402842496
14904000 19411236736
14912000 19419626624
14920000 19428008576
14928000 19436404352
14936000 19444790656
14944000 19453180288
14952000 19461568384
14960000 19469953408
14968000 19478344064
14976000 19486728832
14984000 19495124864
14992000 19503511168
15000000 19511901824
15008000 19520286848
15016000 19528678784
15024000 19537066624
15032000 19545453952
15040000 19553844608
15048000 19562226304
15056000 19570620544
15064000 19579002496
15072000 19587397504
15080000 19595787136
15088000 19604172416
15096000 19612564096
15104000 19620951424
15112000 19629339776
15120000 19637730688
15128000 19646115968
15136000 19654505344
15144000 19662895744
15152000 19671285632
15160000 19679670656
15168000 19688061056
15176000 19696450688
15184000 19704838528
15192000 19713227648
15200000 19721616256
15208000 19730003584
15216000 19738391936
15224000 19746781568
15232000 19755170944
15240000 19763557504
15248000 19771948928
15256000 19780336768
15264000 19788724864
15272000 19797113216
15280000 19805501824
15288000 19813891712
15296000 19822278272
15304000 19830666368
15312000 19839057536
15320000 19847444608
15328000 19855833728
15336000 19864222592
15344000 19872609664
15352000 19880991616
15360000 19889388928
15368000 19897776512
15376000 19906166144
15384000 19914552704
15392000 19922939264
15400000 19931329408
15408000 19939718528
15416000 19948107392
15424000 19956497024
15432000 19964885888
15440000 19973275264
15448000 19981661312
15456000 19990050688
15464000 19998441088
15472000 20006824832
15480000 20015211904
15488000 20023605632
15496000 20031993472
15504000 20040382592
15512000 20048772736
15520000 20057161088
15528000 20065547648
15536000 20073937024
15544000 20082326912
15552000 20090712448
15560000 20099103872
15568000 20107493248
15576000 20115880832
15584000 20124270464
15592000 20132657024
15600000 20141044864
15608000 20149436288
15616000 20157821312
15624000 20166212992
15632000 20174601344
15640000 20182989184
15648000 20191379072
15656000 20199764096
15664000 20208156544
15672000 20216541824
15680000 20224931968
15688000 20233319552
15696000 20241709952
15704000 20250098048
15712000 20258486912
15720000 20266874752
15728000 20275263872
15736000 20283654016
15744000 20292040064
15752000 20300427904
15760000 20308818304
15768000 20317207424
15776000 20325594752
15784000 20333985664
15792000 20342369408
15800000 20350760576
15808000 20359150976
15816000 20367539072
15824000 20375928704
15832000 20384316032
15840000 20392705664
15848000 20401083776
15856000 20409478784
15864000 20417869952
15872000 20426259328
15880000 20434646912
15888000 20443037312
15896000 20451422848
15904000 20459814784
15912000 20468202112
15920000 20476588928
15928000 20484977792
15936000 20493367424
15944000 20501757824
15952000 20510144896
15960000 20518534016
15968000 20526922112
15976000 20535312256
15984000 20543700608
15992000 20552089472
16000000 20560477568
16008000 20568861056
16016000 20577254528
16024000 20585643392
16032000 20594029952
16040000 20602420864
16048000 20610809216
16056000 20619195776
16064000 20627586176
16072000 20635966592
16080000 20644363904
16088000 20652750208
16096000 20661141376
16104000 20669528192
16112000 20677918336
16120000 20686304896
16128000 20694694784
16136000 20703082112
16144000 20711472512
16152000 20719859584
16160000 20728248448
16168000 20736635776
16176000 20745024896
16184000 20753415808
16192000 20761803136
16200000 20770191488
16208000 20778581888
16216000 20786968448
16224000 20795358592
16232000 20803746944
16240000 20812135808
16248000 20820520064
16256000 20828910976
16264000 20837301376
16272000 20845689472
16280000 20854077824
16288000 20862462848
16296000 20870854016
16304000 20879244928
16312000 20887632512
16320000 20896022144
16328000 20904409984
16336000 20912796544
16344000 20921186432
16352000 20929576832
16360000 20937962624
16368000 20946349696
16376000 20954742656
16384000 20963129728
16392000 20971515776
16400000 20979907712
16408000 20988295808
16416000 20996684672
16424000 21005074304
16432000 21013461632
16440000 21021848704
16448000 21030235264
16456000 21038626688
16464000 21047015552
16472000 21055404928
16480000 21063791744
16488000 21072181888
16496000 21080570752
16504000 21088958848
16512000 21097346432
16520000 21105736832
16528000 21114125696
16536000 21122514304
16544000 21130901888
16552000 21139292032
16560000 21147680384
16568000 21156069248
16576000 21164457856
16584000 21172845952
16592000 21181233536
16600000 21189622144
16608000 21198011264
16616000 21206397568
16624000 21214788736
16632000 21223175552
16640000 21231563648
16648000 21239954816
16656000 21248342912
16664000 21256724096
16672000 21265120384
16680000 21273509248
16688000 21281898112
16696000 21290286208
16704000 21298672256
16712000 21307063168
16720000 21315450496
16728000 21323837312
16736000 21332230016
16744000 21340616576
16752000 21349004672
16760000 21357394048
16768000 21365783168
16776000 21374169728
16784000 21382560896
16792000 21390949504
16800000 21399336832
16808000 21407727232
16816000 21416115584
16824000 21424499584
16832000 21432893312
16840000 21441281152
16848000 21449670016
16856000 21458058112
16864000 21466447232
16872000 21474829696
16880000 21483217792
16888000 21491613568
16896000 21500000128
16904000 21508386176
16912000 21516779392
16920000 21525166976
16928000 21533556608
16936000 21541944448
16944000 21550332032
16952000 21558721664
16960000 21567110528
16968000 21575499392
16976000 21583884928
16984000 21592276864
16992000 21600662912
17000000 21609052288
17008000 21617441152
17016000 21625830784
17024000 21634217344
17032000 21642607744
17040000 21650996096
17048000 21659385728
17056000 21667773824
17064000 21676160384
17072000 21684551296
17080000 21692932736
17088000 21701327744
17096000 21709716352
17104000 21718103936
17112000 21726491008
17120000 21734882944
17128000 21743271808
17136000 21751657856
17144000 21760048256
17152000 21768436864
17160000 21776820608
17168000 21785214848
17176000 21793603456
17184000 21801986432
17192000 21810378112
17200000 21818760064
17208000 21827157376
17216000 21835545728
17224000 21843922816
17232000 21852318848
17240000 21860712064
17248000 21869098624
17256000 21877489024
17264000 21885870976
17272000 21894265216
17280000 21902654848
17288000 21911040128
17296000 21919432576
17304000 21927819904
17312000 21936205696
17320000 21944597632
17328000 21952986752
17336000 21961375616
17344000 21969762944
17352000 21978150016
17360000 21986540416
17368000 21994928512
17376000 22003316864
17384000 22011704192
17392000 22020092288
17400000 22028481152
17408000 22036868992
17416000 22045260928
17424000 22053645184
17432000 22062038912
17440000 22070422144
17448000 22078815872
17456000 22087199104
17464000 22095591808
17472000 22103981696
17480000 22112365952
17488000 22120759168
17496000 22129146752
17504000 22137536384
17512000 22145924224
17520000 22154311552
17528000 22162702208
17536000 22171089536
17544000 22179476864
17552000 22187862656
17560000 22196255104
17568000 22204644992
17576000 22213031552
17584000 22221422464
17592000 22229810816
17600000 22238198912
17608000 22246584704
17616000 22254975616
17624000 22263361664
17632000 22271752064
17640000 22280142208
17648000 22288531072
17656000 22296919936
17664000 22305308288
17672000 22313696128
17680000 22322083712
17688000 22330473856
17696000 22338860416
17704000 22347250048
17712000 22355637376
17720000 22364027264
17728000 22372415872
17736000 22380804736
17744000 22389192832
17752000 22397581952
17760000 22405971584
17768000 22414359424
17776000 22422747008
17784000 22431136384
17792000 22439526016
17800000 22447913344
17808000 22456298624
17816000 22464689792
17824000 22473080192
17832000 22481468288
17840000 22489857664
17848000 22498239616
17856000 22506634112
17864000 22515023744
17872000 22523410816
17880000 22531800448
17888000 22540184192
17896000 22548574592
17904000 22556965504
17912000 22565355392
17920000 22573739392
17928000 22582132096
17936000 22590521216
17944000 22598901632
17952000 22607298176
17960000 22615686272
17968000 22624072832
17976000 22632462976
17984000 22640852096
17992000 22649236096
18000000 22657627264
18008000 22666018432
18016000 22674407296
18024000 22682793856
18032000 22691179904
18040000 22699572608
18048000 22707961216
18056000 22716350336
18064000 22724735872
18072000 22733126272
18080000 22741515392
18088000 22749904768
18096000 22758292352
18104000 22766681216
18112000 22775069056
18120000 22783457408
18128000 22791842176
18136000 22800236416
18144000 22808624512
18152000 22817013376
18160000 22825401472
18168000 22833789568
18176000 22842177664
18184000 22850564992
18192000 22858955648
18200000 22867342976
18208000 22875733376
18216000 22884118144
18224000 22892511104
18232000 22900898432
18240000 22909281152
18248000 22917670016
18256000 22926065024
18264000 22934452096
18272000 22942842752
18280000 22951228288
18288000 22959615872
18296000 22968007808
18304000 22976395648
18312000 22984783232
18320000 22993169536
18328000 23001560704
18336000 23009950592
18344000 23018338688
18352000 23026728832
18360000 23035117184
18368000 23043505024
18376000 23051892608
18384000 23060280704
18392000 23068671872
18400000 23077058944
18408000 23085448832
18416000 23093837696
18424000 23102221952
18432000 23110613888
18440000 23119002496
18448000 23127390848
18456000 23135772544
18464000 23144168576
18472000 23152557184
18480000 23160941696
18488000 23169331072
18496000 23177720704
18504000 23186110592
18512000 23194498688
18520000 23202888832
18528000 23211277696
18536000 23219662208
18544000 23228054912
18552000 23236442752
18560000 23244832384
18568000 23253220736
18576000 23261608576
18584000 23269996928
18592000 23278385024
18600000 23286773632
18608000 23295163264
18616000 23303551616
18624000 23311940224
18632000 23320330112
18640000 23328715136
18648000 23337106816
18656000 23345493632
18664000 23353881472
18672000 23362271872
18680000 23370659456
18688000 23379046784
18696000 23387437952
18704000 23395827328
18712000 23404210048
18720000 23412592256
18728000 23420992384
18736000 23429379968
18744000 23437770368
18752000 23446159232
18760000 23454541696
18768000 23462936192
18776000 23471325056
18784000 23479712896
18792000 23488101248
18800000 23496490624
18808000 23504879488
18816000 23513267584
18824000 23521647488
18832000 23530041728
18840000 23538431872
18848000 23546820736
18856000 23555207296
18864000 23563597952
18872000 23571988096
18880000 23580376192
18888000 23588763776
18896000 23597151616
18904000 23605536896
18912000 23613931136
18920000 23622319744
18928000 23630704256
18936000 23639093888
18944000 23647485824
18952000 23655873664
18960000 23664262016
18968000 23672651648
18976000 23681039744
18984000 23689422464
18992000 23697816704
19000000 23706205568
19008000 23714594432
19016000 23722981504
19024000 23731368064
19032000 23739756928
19040000 23748148352
19048000 23756533376
19056000 23764925824
19064000 23773314944
19072000 23781691264
19080000 23790088064
19088000 23798478464
19096000 23806868864
19104000 23815256704
19112000 23823644288
19120000 23832033152
19128000 23840422784
19136000 23848810624
19144000 23857201024
19152000 23865589376
19160000 23873977216
19168000 23882366336
19176000 23890754176
19184000 23899138688
19192000 23907529088
19200000 23915919488
19208000 23924309888
19216000 23932697728
19224000 23941083008
19232000 23949475712
19240000 23957861504
19248000 23966251136
19256000 23974638208
19264000 23983022464
19272000 23991416704
19280000 23999806592
19288000 24008192896
19296000 24016583296
19304000 24024969856
19312000 24033361024
19320000 24041746304
19328000 24050137472
19336000 24058526848
19344000 24066911872
19352000 24075301504
19360000 24083692928
19368000 24092081792
19376000 24100467584
19384000 24108856448
19392000 24117244544
19400000 24125635712
19408000 24134023552
19416000 24142411648
19424000 24150801536
19432000 24159190912
19440000 24167579008
19448000 24175966336
19456000 24184355968
19464000 24192745088
19472000 24201133184
19480000 24209522048
19488000 24217906816
19496000 24226299008
19504000 24234688384
19512000 24243074432
19520000 24251465344
19528000 24259847296
19536000 24268241792
19544000 24276629632
19552000 24285014912
19560000 24293406848
19568000 24301796224
19576000 24310183808
19584000 24318573952
19592000 24326961536
19600000 24335348864
19608000 24343735424
19616000 24352127104
19624000 24360517504
19632000 24368905856
19640000 24377292416
19648000 24385680512
19656000 24394070912
19664000 24402456704
19672000 24410849152
19680000 24419235968
19688000 24427624576
19696000 24436014464
19704000 24444403072
19712000 24452792192
19720000 24461180288
19728000 24469566848
19736000 24477957248
19744000 24486344576
19752000 24494734976
19760000 24503110784
19768000 24511511936
19776000 24519900032
19784000 24528288896
19792000 24536677504
19800000 24545066368
19808000 24553453952
19816000 24561839488
19824000 24570229888
19832000 24578619776
19840000 24587008384
19848000 24595396736
19856000 24603787136
19864000 24612174976
19872000 24620563328
19880000 24628951936
19888000 24637339264
19896000 24645728896
19904000 24654114944
19912000 24662507392
19920000 24670895488
19928000 24679283584
19936000 24687673216
19944000 24696055424
19952000 24704449664
19960000 24712838272
19968000 24721227392
19976000 24729612928
19984000 24738004352
19992000 24746388608
